mild_winter = {
	33 34 35 36 37 38 39 40 41 42 43 44 45 #Greece Impassables
	2050 2004 2738 2739 2708 2707 2705 2706 1059 1058 2051 1065 1142 2046 2045 2031 2032 2033 313 318 291 311 284 283 288 75 77 1051 1049 1053 1055 2723 2727 2728 2024 2023 2026 2028 2034 2035 2039 2042 2038 2725
	157 154 158 1574 2511 1497 #Hypsus
	162 2195 2508 159 1489 135 #Akovos
	192 150 146 147 149 456 1577 1530 #Eurymanthos non-coast
	137 136 140 141 143 144 2506 #Tegea
	206 207 205 201#Aroania mountains
	367 382 404 403 401 398 373 400 #Lokris non-coast
	417 422 415 397 #Kirra mountains
	425 438 #Thermos mountains
	638 508 507 506 503 504 505 510 530 531 512 #Karpenisi
	529 580 528 583 582 #Ithome cold
	610 606 604 632 607 527 639 609 608 613 612 #Theopetra cold
	516 514 #Theodoria a bit warmer
	518 1728 1717#Ambrakia cold
	1143 #Kydonia cold
	1097 1098 #Knossos cold
	1140 #Eleutherna cold
	1123 1122#Gournia cold
	1133 1091 1129 1128 1126 1124#Malia cold
	1718 1750 1753 1755 1754 477#Ephyre cold
	457 1726 1725 1721 1719 1720 1727 1987 1732 1723 #Dodona
	1758 1757 1756 1761 1763 1768 #Epeiros cold
	1782 1785 1781 1780 1778 1779 1775 1786 1787 2650 #Argyas cold
	1766 1770 1771 1773 1774 1788 1789 1790 1765 1791 #Khanoia cold
	1724 1735 1737 1764 1736 1734 1733 1741 1740 1739 1738 #Molossis
	1742 1743 1985 1793 1792 1794 1746 1991 1992 1571 2651 #Aoos
	1990 1994 1996 1989 1998 1997 1986 2649 2643 2652 #Parauaia
	1922 1969 1924 1920 1919 1748 1747 1918 1923 #Boion
	1963 1962 1964 1966 1925 1926 1967 1970 1961 #Orestis
	1910 1912 1913 1911 1909 1906 1907 1917 1916 #Tymphaia
	1905 1904 1903 1902 1898 1899 1901 568 1897 #Olympos
	1914 1915 1927 1928 1908 1929 1930 1945 1937 1938 #Elimeia/Eratyra
	1932 1933 1934 1936 1940 1999 1943 1827 1796 #Polifitou
	1821 1982 1822 1818 1819 1820 1824 1817 1823 1984 #Almopia
	1815 1814 1813 1812 1816 1810 1811 1975 1534 #Loudias
	2060 2065 2064 2169 2066 2202 2068 2069 2063 2072 #Dojran
	2077 2073 2078 2088 2090 #Koroneia
	1871 2087 1870 1872 1869 1868 2096 2097 1850 #Volvi
	2086 2095 2094 2085 2083 2081 #Mygdonia
	2103 2102 2104 2108 2105 2107 2162 2163 2106 2109 2161 #Bisaltia
	2168 2167 2166 2165 2170 2164 #Orbelos
	2157 2148 2155 2153 2124 2126 2154 2206 2207 2208 2209 #Drama/Sitagroi
	2140 2215 #Vistonidas cold
	1316 1317 1314 1320 1319 1237 1274 2260 1269 #Sipylos cold
	1388 #Apasa cold
	1322 1349 1345 1339 1344#Kaystros Cold
	1348 1350 1354 1359 1358 1365 1361 1360 2582 #Thyaira
	1373 1372 1376 1378 1377 1370 1366 1369 #Tmolos
	1403 1400 1406 1407 1408 1409 1410 1414 1416 1668 1665 #Maiandros
	1664 1666 1662 1661 1656 1659 1658 1651 1650 #Orthosia
	1652 1646 1644 1648 1642 1638 1639 1634 1633 #Brioula
	1632 1630 1628 1610 1605 1612 1607 1611 1608 1614 #Mosymos
	1622 1623 1621 1620 1617 1615 2624 1613 2434 1524 1616 #Harpasos
	1599 1598 1596 1594 1595 1593 1601 1603 1592 #Sallawassa
	1587 1586 1585 1583 1584 1582 1526 1591 1590 #Ute
	1671 1670 1323 #Kaunos cold
	1431 1429 1478 #Mutamutassas cold
	1475 #Millawanda Cold
	1424 2502 1421 2501 1419 1417 1426 1428 1518 1516 #Waliwanda cold
	1507 1509 1508 1510 1520 1513 1499 1514 1522 1528 #Irfo
	2458 #Khersonesos cold
	2470 2590 2589 2588 2587 2586 #Kardia cold
	1268 #Dardanos cold
	1286 1280 1278 1291 1247 1289 1482 1575 #Skamandros cold
	1455 1395 1422 2411 2415 2413 2416 1177 1396 1483 1432 #Granikos
	2432 2420 2447 2443 2418 #Knarli cold
	2431 2430 2427 2491 2421 #Kayi cold
	1241 1445 1230 2405 2408 2403 2401 #Antandros cold
	2382 2385 2393 2399 2391 #Herakleia cold
	2352 2355 2353 2359 2486 2361 2366 2362 2356 #Seha Valley
	2365 2369 2368 2370 2364 2373 2379 2378 2374 #Upper Seha
	2327 2312 2330 #Mouth of warmala cold
	2568 2562 2566 2565 2560 2559 2557 #Lykos
	1674 1560 1535 1537 2555 2563 2584 2554 2553 2551 #Mira
	2310 2471 2472 2308 2474 2476 2484 2480 2483 2481 2482 #Lower Warmala
	2284 2267 2262 2263 2536 2569 2265 2574 2538 #Marmara
	2550 2547 2548 2546 2580 2545 2579 2577 2541 2540 2575 #Warmala Source
	2297 2299 2300 2303 2375 2295 2304 2294 2292 2289 2296 #Lydia Lykos
	2281 2278 2275 2276 2269 2285 #Hyllos
	2603 2612 2608 2604 2623 2618 2620 2616 2613 #Erigon Source
	2626 2203 1979 1978 1977 1973 1972 1890 #Prespa
	2631 2634 2630 2635 2636 2627 1893 #Ohrid
	2648 2647 2641 2644 2638 2640 2646 #Amyron
	2212 2214 2210 2213 2144 2143 2142 2129 2146 2147 #Sapaike
	2216 2218 2219 2222 2221 2223 2224 2225 2226 #Lissos cold
	2176 2177 2179 2180 2197 2200 #Mouth of Hebros cold
	7 59 1450 1501 1502 1503 #Zippasla cold
	1500 630 1449 1447 1448 1411 1334 1333#Pinata cold
	1330 3010 2996 #Patara cold
	3007 3008 3006 3003 3004 3001 #Hinduwa cold
	2940 2936 2941 2939 #Zumarri cold 
	3320 3321 1446 3318 3319 2946 2945 2944 640 #Wiyanawanda
	2947 2942 2952 2950 2951 2954 2953 3012 #Wiwalan
	2964 2965 2966 2967 3322 2959 2958 2957 2955 2956 #Lahisti
	2969 2982 2983 2981 2979 #Parha cold
	1504 1505 1684 2067 2492 1685 2495 2494 2496 2497 3331 #Huntiya
	2498 2935 1889 3020 3021 3023 3022 3025 3019 3024 #Ilaniya
	3016 2995 3015 3013 2994 3014 2993 #Isnati
	2992 2991 2988 2989 2990 2986 2987 2985 2984 3036 #Kuwalapassa
	3026 3028 3027 3031 3030 3034 3033 3035 3037 3039 3029 3038 #Uwassa
	2976 2977 2978 3045 3044 3043 #Lower Kastaraya cold
	3047 3040 3048 3051 3052 3053 3054 3050 3055 3056 3057 #Upper Kastaraya
	3058 3062 3076 3077 3081 #Lower Eurymedon cold
	3063 3065 3075 3074 3066 3067 3073 3072 3068 3069 3071 3070 #Upper Eurymedon
	3099 3089 3087 #Lower Melas Cold
	3098 3090 3091 3097 3096 3092 3095 3093 3094 #Upper Melas Cold
	3210 3217 3212 3213 3216 3214 3215 #Malati cold
	3223 3225 3316 3227 3229 #Sallusa Cold
	3231 3233 3312 3313 #Nahita cold
	3314 3315 3241 #Saranduwa cold
	3297 3295 3294 3292 3291 3290 #Talwisuwanda
	3261 3263 3262 3267 3260 3259 #Isaranta
	3283 3307 3304 3271 3305 3270 3269 3268 #Zarhassa
	3274 3276 3277 3278 3279 3265 #Lahhwiyassi
	3306 3285 3281 3286 3280 3287 3289 3288 #Ahur

	1944 1952 1983 1948 1950 1960 1980 1981 1953 1955 #eordaia
	1959 1958 1957 1956 2597 2601 2600 2606 #vegorotida
	3338 3339 3336 3340 3335 3334 3032 3343 3333 #Yarisli
	3324 3323 3325 3326 3328 3329 3327 3330 3341 3344 #Salda

	525 524 523 521 522 519 520 526 #Theodoria
	#
	#More for Aegean area v0.5
	2158 5160 2101 2100 2114 624 623 625 617 535 392 391 385 190 168 1627 156 161 2504 2505 132 214 6 5550 424 1565 1682 1402 3169 3181 3103 3104 3107 3108 3124 4928 4929 4938 4925 4937 4936 4935 4924 2160 1427 2055 2056 439 513 2522 517 414#Some in libya
	#

	6529 6519 6531 6530 6602 6526 6527 6523 6603 6524 6600 6601 #huhnuri
	6535 6604 6532 6528 6533 6537 6606 6538 6534 #Susaniangate
	6545 6605 6540 6544 6546 6547 6482 6481 6480 6525 6487 6548 6521 6522#Anshan
	1995 2204 2637 193 2141 2091 1804 2076 2074 1809#Dilmun Islands
	3558 3864 6670 3570 6671 3569 6672 6673 3566 3560 #Kummuhi
	5879 5878 5869 5875 5877 5876 5870 5880 5863 #Habhu
	5932 5853 5860 5864 5867 5865 5854 5852 5850 #Sumu
	5858 5857 5861 5862 5851 5931 5930 5885 5849 5848 5926 5844 #Amadani
	5791 5798 5792 5794 5845 5928 5793 5795 5796 5797 #Eluhat
	5929 5789 5790 5927 5785 5784 5783 5788 5782 5787 5786 6447 #Tushan
	5780 5922 5935 5779 5883 5923 5778 5884 5882 5847 5846 #Bityahiri
	5800 5805 5807 5803 5801 5802 5804 5799 5806 #Zamani
	5813 5815 5814 5810 5811 5812 5809 5808 5816 #Qilissa
	5838 5836 5842 5837 5840 5839 5841 5835 6860 #Kulimmeri
	5905 5904 5902 5901 5900 5843 5906 5914 #Habhutu
	5912 5910 5911 5773 5774 5781 5913 5771 5772 6446 #Simanum
	5903 5767 5768 5916 5770 5915 5766 5769 5917 #Katmuhi
	5776 5775 5918 5919 155 5777 5921 5920 6448 #Kasiyari
	5820 5825 5824 5823 5819 5818 5817 5821 5822 5856 #Upumu
	26 5834 5833 5828 5832 5829 5827 5830 5831 5826 #Diglat
	5764 5765 5763 5761 5760 5229 5220 5907 5908 5855 5859 #ressubnar
	5257 5886 5887 5888 5890 5889 6445 5891 5758 5759 5762  #Haburatum
	3551 4337 4330 350 2507 2629 138 133 3565 #Various Taurus
	5621 5620 5619 5618 5615 #Assyrian border to Urartu
	5909 4972 4970 4969 4118 4110
	3963 3966 3962 3956 3961 3960 3955 3967 3968 3958 3954 3953 3952 3951 3950 3939 3932#Lebanon mountain valley
	3916 3929 3927 3926 3925 3917 3918 3921 3938 3922 3923 3941#Orontes Source
	3942#Fijeh Spring
	6594 6598 6597 6596 6636 6580 6637 6579 6577 6284 6283 6287 6202 #Gutium
	2487 1240 1153 1104 2516 1206 1147 1149 1148 1150 1152 #Some Aegean Islands
	3356 3375 3365 3376 3382 3386 3385 3390 3396 3395 3393 3427 3426 3432 4447 3433 3436 3437 3442 3459 3461 3462 3486 3485 3484 3483 4331 3347#Cilicia
}
normal_winter = {
	71 70 287 290 293 1686 1687 1688 1689 1690 1691 1692 1693 1694 1695 1696 1697 1698 1699 1702 316 294 295 301 299 292 2721 305 105 2047 2037 2001 1707 1709 1710 1711 1701 319 314 315 1704 1703 2002 2007 2011 2006 2025 2012 2013 2014 2016 2003 2009 2010 281 2740 2720
	2655 2061 2656 2658 2654 2653 #Idomene
	1731 1729 #Greek muntains

	3182 3172 3190 3191 3157 3106 3105#Cyprus mountains
	3348 3349 3351 3354 3374 3358 3357 3367 3366 3377 3381 3380 3379 3378 3387 3388 3389 3391 3392 3394 3440 3439 3441 3438 3443 3444 3445 4329 #Tarsus mountains in Kizzuwatna/Cilicia
	3519 3518 #Levant Mountains
}
severe_winter = {
	
	
	6536 6542 6541 6539 6543#Anshan
}